%YAML:1.0
---
calibration_time: "2020年11月04日 星期三 13时11分46秒"
image_width: 640
image_height: 480
flags: 0
camera_matrix: !!opencv-matrix
   rows: 3
   cols: 3
   dt: d
   data: [ 6.5685273294900333e+02, 0., 3.0629015706079917e+02, 0.,
       6.5865188101253216e+02, 2.2456706967565432e+02, 0., 0., 1. ]
distortion_coefficients: !!opencv-matrix
   rows: 1
   cols: 5
   dt: d
   data: [ 1.7213227726006464e-02, 2.0843335344049085e-01,
       -6.5892430685759139e-03, -2.8763446904788740e-03,
       -1.1489760443036046e+00 ]
avg_reprojection_error: 2.4997364396199243e-01
